3 0.460833 0.492604 0.221667 0.310651
3 0.542500 0.761834 0.181667 0.387574
3 0.730833 0.738166 0.201667 0.393491
3 0.915000 0.720414 0.170000 0.375740
3 0.892500 0.254438 0.201667 0.337278
3 0.672500 0.408284 0.191667 0.301775
3 0.409167 0.908284 0.201667 0.183432
3 0.325000 0.673077 0.216667 0.340237
3 0.120833 0.883136 0.225000 0.233728
3 0.146667 0.599112 0.193333 0.310651
3 0.131667 0.309172 0.206667 0.352071
3 0.297500 0.286982 0.185000 0.366864
3 0.485000 0.202663 0.220000 0.286982
3 0.655833 0.131657 0.211667 0.257396
