3 0.421818 0.437158 0.305455 0.415301
3 0.380000 0.800546 0.287273 0.398907
3 0.616364 0.866120 0.323636 0.267760
3 0.661818 0.565574 0.298182 0.355191
3 0.881818 0.879781 0.236364 0.240437
3 0.916364 0.579235 0.167273 0.338798
3 0.907273 0.204918 0.185455 0.398907
3 0.703636 0.199454 0.236364 0.387978
3 0.496364 0.120219 0.294545 0.229508
3 0.338182 0.204918 0.276364 0.322404
3 0.205455 0.513661 0.258182 0.426230
3 0.072727 0.765027 0.138182 0.426230
3 0.170909 0.945355 0.196364 0.109290
3 0.085455 0.226776 0.163636 0.442623
