3 0.084906 0.515723 0.150943 0.251572
3 0.125786 0.899371 0.157233 0.188679
3 0.363208 0.889937 0.128931 0.220126
3 0.591195 0.911950 0.138365 0.176101
3 0.809748 0.940252 0.135220 0.119497
3 0.957547 0.908805 0.084906 0.182390
3 0.938679 0.544025 0.122642 0.245283
3 0.750000 0.562893 0.122642 0.320755
3 0.503145 0.525157 0.138365 0.345912
3 0.306604 0.534591 0.135220 0.327044
3 0.103774 0.106918 0.138365 0.201258
3 0.267296 0.169811 0.138365 0.301887
3 0.479560 0.110063 0.160377 0.207547
3 0.693396 0.138365 0.141509 0.264151
3 0.900943 0.160377 0.141509 0.308176
