0 0.429091 0.360656 0.152727 0.240437
0 0.600000 0.319672 0.130909 0.180328
0 0.572727 0.469945 0.178182 0.163934
0 0.572727 0.748634 0.120000 0.262295
0 0.261818 0.710383 0.138182 0.240437
0 0.145455 0.497268 0.167273 0.218579
0 0.185455 0.300546 0.116364 0.196721
0 0.285455 0.210383 0.178182 0.191257
0 0.669091 0.226776 0.152727 0.158470
0 0.790909 0.565574 0.112727 0.278689
0 0.894545 0.707650 0.130909 0.202186
0 0.900000 0.565574 0.163636 0.158470
0 0.714545 0.379781 0.120000 0.202186
0 0.700000 0.505464 0.112727 0.213115
0 0.747273 0.759563 0.156364 0.218579
0 0.474545 0.844262 0.185455 0.191257
0 0.425455 0.557377 0.116364 0.229508
0 0.207273 0.841530 0.196364 0.251366
0 0.336364 0.450820 0.127273 0.256831
0 0.529091 0.174863 0.127273 0.131148
0 0.812727 0.314208 0.156364 0.234973
0 0.427273 0.213115 0.120000 0.163934
