0 0.518519 0.840580 0.139918 0.125604
0 0.395062 0.475845 0.106996 0.159420
0 0.397119 0.777778 0.135802 0.154589
0 0.561728 0.369565 0.111111 0.159420
0 0.530864 0.169082 0.172840 0.125604
0 0.711934 0.526570 0.090535 0.164251
0 0.580247 0.753623 0.148148 0.135266
0 0.201646 0.478261 0.115226 0.173913
0 0.288066 0.304348 0.148148 0.115942
0 0.415638 0.195652 0.139918 0.169082
0 0.720165 0.330918 0.172840 0.120773
0 0.829218 0.528986 0.127572 0.140097
0 0.619342 0.664251 0.119342 0.169082
0 0.434156 0.642512 0.168724 0.125604
0 0.292181 0.647343 0.156379 0.125604
0 0.316872 0.490338 0.156379 0.111111
0 0.574074 0.519324 0.119342 0.178744
0 0.415638 0.311594 0.139918 0.120773
0 0.650206 0.246377 0.115226 0.144928
0 0.777778 0.432367 0.106996 0.169082
0 0.703704 0.659420 0.098765 0.149758
0 0.485597 0.572464 0.123457 0.130435
